         101
  0.86104638178379445     
   3.2191482305118817     
   1.2072087192554548     
   1.9938787058189149     
  0.26075492276696094     
  0.53062314472604433     
   3.2417049242006259E-002
   1.0197614876830534     
  0.43022326336307104     
   4.1059869463061893E-002
  0.43012795555966887     
   1.2276876822149321     
  0.13731415934785476     
  0.32007857923217081     
  0.32459394485628879     
  0.59629765762515141     
  0.59233631702892864     
  0.18119124188030428     
  0.26054660669243068     
  0.76126967400821255     
  0.25392546835623286     
  0.57951110035675113     
   1.0056704732361226     
  0.41076206563782214     
  0.18808564654882484     
  0.21696128659109601     
   1.3627941670652812     
  0.73782514449736658     
  0.48446573406678106     
  0.34160572849022852     
   1.3358293288023906     
   1.7330256925690823     
   1.0537142788095601     
   1.8396347094413897E-002
  0.11259176703786773     
  0.39916777467044845     
  0.58864541992574826     
   1.1227741208230604     
   2.1714902657434689     
  0.66342448762553075     
   1.5290057153329273     
   1.5039159564655020     
   1.0741422370741629     
  0.10861393773269920     
   4.6274041654751234E-002
  0.50847514797364524     
   1.0775314133112044     
  0.50157613248059119     
  0.73252518969957048     
  0.39166322420015542     
  0.91933866212953508     
   8.8519274379107241E-002
  0.26810223268903799     
  0.17568508200045505     
  0.86846566516016854     
  0.44274519154154918     
   9.5844932881065006E-002
   6.5908393571068466E-002
  0.87650753320654640     
  0.79252171370452773     
  0.84660841824905253     
  0.45334837768626268     
   1.2517049361334127     
   1.6782830025649447     
   1.4849526261638892     
  0.56130251409872867     
  0.45836811532499921     
   1.8540749077303804     
  0.28525715835784193     
  0.27105393671777112     
   1.8412217168361935     
   1.4432889631395023     
  0.70534338847001221     
  0.39591680423177406     
  0.23158121182367067     
   8.7011646708412854E-002
  0.41969204218685813     
  0.46324387522546995     
   1.2748801782164034     
  0.25322949150625657     
   1.2719375652478551     
  0.67474095051492100     
   9.0493132723876643E-002
  0.75798312872209050     
   1.5375927290791775     
  0.49826859179590455     
  0.21570842485190855     
   1.1329280594874993     
  0.68552376945560689     
   2.9277075336559603E-002
  0.42309325337676895     
  0.10960398765098918     
   1.7800043085592807     
   1.0230793263001861     
  0.61717865698138374     
  0.15065289120464795     
   5.0619032937955666E-002
  0.33542421044099502     
  0.49465592255821955     
  0.26794816575900332     
   2.1791684888506913     
