 pos_NoFlash_du=10kbT.txt
         201
   0.0000000000000000     
   2.2366198405278398E-002
   7.2570418689562627E-002
  0.11367803201198626     
  0.16904653254025939     
  0.25149436095365185     
  0.25245589502496840     
  0.28211555309222808     
  0.34450316073834253     
  0.34308656628095369     
  0.36696091147964571     
  0.32216763415912153     
  0.26744487032366698     
  0.30408448742536409     
  0.30594399630664770     
  0.25400218299112953     
  0.32451803522513017     
  0.33459739267697719     
  0.30503181468841667     
  0.34898021467032025     
  0.30398798855402903     
  0.27954198927304752     
  0.29098642431801180     
  0.33602312450366545     
  0.32953317669282756     
  0.32379860565300583     
  0.31750808189991075     
  0.26573077746582302     
  0.34882708811062141     
  0.30234678551259730     
  0.27028833592142104     
  0.33384794440524601     
  0.34426620160910404     
  0.30078468962990895     
  0.22031285281565849     
  0.28317743318842903     
  0.31062360113207282     
  0.29926169283070025     
  0.38378609603320468     
  0.36117794298181310     
  0.29675272657472956     
  0.36092620437834250     
  0.31695662862456347     
  0.34473963211029585     
  0.33024471791966958     
  0.33495162942104767     
  0.33921890869785726     
  0.35534480369579791     
  0.32903671549953045     
  0.32518852795987502     
  0.30754728279443178     
  0.29764666042358001     
  0.27690294450126707     
  0.29399686718746953     
  0.29752955989779761     
  0.37132872753491181     
  0.37028389750751417     
  0.34760608133420312     
  0.30427226482288133     
  0.27560068104087043     
  0.29070194223038531     
  0.35546557142651036     
  0.30946282397932301     
  0.31909395700829352     
  0.31866044555187956     
  0.19467633252754835     
  0.22796428966786633     
  0.26849486911663767     
  0.29981918739688929     
  0.34187946166781097     
  0.32526204949351728     
  0.28875927283326785     
  0.27942788385656875     
  0.38595630335762798     
  0.35649886404745956     
  0.27962929964617578     
  0.31013151982823395     
  0.29403933232579543     
  0.31257503453794827     
  0.31930537221921756     
  0.31243155064924055     
  0.29501374973351030     
  0.33917844655036444     
  0.30610722666363421     
  0.24193766563895866     
  0.24039211157551499     
  0.26053986877109425     
  0.31530240403314602     
  0.30137225810380308     
  0.31693303057146172     
  0.29603864048850181     
  0.35152816222605304     
  0.38420077624995180     
  0.34693265769473131     
  0.32093339078982075     
  0.30581351156115283     
  0.35606166520989074     
  0.42200537011613620     
  0.37993630597383526     
  0.30575731831270042     
  0.24555199767937722     
  0.28430982160622187     
  0.34163023316045998     
  0.33756432373672085     
  0.30523305166624870     
  0.37534300012272570     
  0.35267180782309909     
  0.32737704351368602     
  0.28425770710961423     
  0.35290710705245443     
  0.36905914578399401     
  0.35860206107871079     
  0.33096483669187277     
  0.35490656625385031     
  0.33144401326813461     
  0.33044095535651563     
  0.31238577623210334     
  0.25349389324716243     
  0.29348457268872741     
  0.32086590173186191     
  0.34883338182967877     
  0.32230300654329153     
  0.25437329963105537     
  0.25012994522986953     
  0.30599617046979505     
  0.34171450543057436     
  0.32920537082369034     
  0.32798478132499720     
  0.33830497982539093     
  0.32824843067990872     
  0.26674395044049226     
  0.30971831735767469     
  0.24071538144442994     
  0.28138632704292049     
  0.29995954852101836     
  0.34502353998890406     
  0.39502035549850018     
  0.40080586660537737     
  0.34551034337076436     
  0.30504715532565690     
  0.26974567178723796     
  0.30800711509519685     
  0.30319049261881842     
  0.31729581204762641     
  0.32440633432100957     
  0.33484488026158821     
  0.28222738569764877     
  0.33656274261719860     
  0.33429424803620134     
  0.29328015399295643     
  0.32273367042192813     
  0.32101774069077749     
  0.34905724532340454     
  0.35699823527942637     
  0.33116380787297284     
  0.28839745896619157     
  0.34014248722576212     
  0.34919879065477377     
  0.35577914930405569     
  0.33996391663333475     
  0.29053440059293811     
  0.26650044937625683     
  0.28608135599093243     
  0.31617363580820712     
  0.27762813800461777     
  0.34455893297733997     
  0.38833754189415537     
  0.44130582021870013     
  0.43345748189646399     
  0.44991201598543840     
  0.42872791744687688     
  0.39510419422044457     
  0.38081611360091755     
  0.39254565752029286     
  0.40846351175423445     
  0.40491908437435981     
  0.44062045406841283     
  0.39981853542419171     
  0.39963861107157739     
  0.37787824080849763     
  0.35192192912855114     
  0.35526074737378621     
  0.35606115440427705     
  0.36611918513571523     
  0.29739695845560482     
  0.36014154983620944     
  0.30824648423050138     
  0.28404900515516734     
  0.26238429399506702     
  0.29729512007074649     
  0.28030786711609296     
  0.37092480784180715     
  0.33976559043042198     
  0.25599810927347233     
  0.31492562136121766     
  0.31671248387857409     
  0.29540627953388987     
  0.31328516489005881     
  0.32066634333233673     
  0.30942380051209517     
  0.33579563441862348     
