 pos_NoFlash_du=1000kbT.txt
         201
   0.0000000000000000     
   3.6400438799117765E-002
   6.9455371212214206E-002
  0.10126724282543431     
  0.13542291636007983     
  0.16788597633113683     
  0.20469009197025440     
  0.23490517870477959     
  0.27102447834622917     
  0.30189119769147982     
  0.28485466878009708     
  0.31643324707466736     
  0.30376617890027480     
  0.28543926449934354     
  0.32347744819834096     
  0.31138799468024597     
  0.29914463285125997     
  0.32810426567979933     
  0.31395159067535383     
  0.29473512255788165     
  0.32445829867738307     
  0.31113944729345805     
  0.29685740194266358     
  0.32923967951757327     
  0.31331687295752930     
  0.29866126075811739     
  0.33362551525789558     
  0.31900140073779643     
  0.30176890145902485     
  0.28711209622619405     
  0.32082496254603604     
  0.30885519946856843     
  0.29671493951288708     
  0.33172305659479112     
  0.32055050651520217     
  0.30559906959973104     
  0.29182687822510150     
  0.32425598312624981     
  0.31037410590371356     
  0.29731731221056856     
  0.33070550809015242     
  0.31535357131709485     
  0.30173683984241850     
  0.28797543340834403     
  0.32465588241775573     
  0.31228862602206092     
  0.29574411442251014     
  0.32306252063723551     
  0.31057793159649488     
  0.29134768504738051     
  0.31982477021163302     
  0.30585447534896798     
  0.29423476723737280     
  0.32074710393954281     
  0.31026200941432869     
  0.29996252492846909     
  0.32914977398994588     
  0.31899765315509088     
  0.30043600061121556     
  0.28451070468551315     
  0.31728401281026292     
  0.30625639206341798     
  0.28715846804150286     
  0.32147479319327626     
  0.30639522611965042     
  0.29465310238143538     
  0.32633976005735171     
  0.31218351220494661     
  0.30091969326787926     
  0.28708844072457679     
  0.32061456394612520     
  0.30802004565963170     
  0.29228544696836239     
  0.32975463548212947     
  0.31269126844978284     
  0.30037406590539806     
  0.28894374911367160     
  0.31910687300749702     
  0.30589928994824750     
  0.29576290696055924     
  0.33039491643442248     
  0.31168588936598252     
  0.29823118399438664     
  0.32990721086246189     
  0.31295968829254606     
  0.29546957561883397     
  0.32968799387654546     
  0.31652373821638713     
  0.30369691528969317     
  0.28996530726933162     
  0.32230657487263997     
  0.30919128591166389     
  0.30062019729311140     
  0.28487305595030177     
  0.32089377018754106     
  0.30633601418421719     
  0.29044202690778176     
  0.32624730139648861     
  0.31082120775927319     
  0.29780035131807781     
  0.33216135837472832     
  0.32126488635427314     
  0.30817092547361513     
  0.29682363619635127     
  0.33281878615018889     
  0.31757171677679252     
  0.30269140340997830     
  0.29110805811428997     
  0.32402107038443190     
  0.31162168710407490     
  0.29953077680076956     
  0.33443336299196885     
  0.32150583988955056     
  0.30545364204226311     
  0.29223772304002521     
  0.32368766005115779     
  0.30735082121618174     
  0.29031087528854710     
  0.32146361656361516     
  0.30751008441513333     
  0.29234401042374208     
  0.32251095827680504     
  0.30934140814432931     
  0.29493588595762560     
  0.32947808118450878     
  0.31400147931709194     
  0.30014845063483681     
  0.28316228995656956     
  0.31553355118797399     
  0.29986720433814718     
  0.33518918917801194     
  0.31961446797435333     
  0.30766991877981414     
  0.29635275306968917     
  0.33267621630604005     
  0.31912996622833872     
  0.30291699477617134     
  0.28703374391702918     
  0.31914876318125684     
  0.30319192183451699     
  0.29037134522440500     
  0.32282333441619659     
  0.30490788993576706     
  0.29607880163905259     
  0.32995460767888007     
  0.31692266890526172     
  0.30154183204445234     
  0.29069172352493899     
  0.32155628120644780     
  0.30994236571214073     
  0.29580585353266642     
  0.32528683061598201     
  0.31010795158045401     
  0.29693632976294598     
  0.32889318534854939     
  0.31409655823005878     
  0.29916556884041928     
  0.33157255644466771     
  0.32112036395302929     
  0.30889143990118423     
  0.29447793599470135     
  0.32593508013736755     
  0.31181097232833133     
  0.29858049199812620     
  0.33199341196197468     
  0.31635386449605396     
  0.30256583877141202     
  0.29216189661522657     
  0.32501138435814614     
  0.30738419170286529     
  0.28998780558304632     
  0.32686551021464705     
  0.31314875724429414     
  0.29904638848517678     
  0.32986636212384912     
  0.31676259030177933     
  0.30232134238784925     
  0.28699833404175940     
  0.32030866659186147     
  0.30461038124180068     
  0.29062536813210466     
  0.32088460886016557     
  0.30894367159044250     
  0.29724011256404842     
  0.33159618030603732     
  0.31797310472069812     
  0.30235375897019179     
  0.28850782443638517     
  0.31722420403708995     
  0.30438378032554136     
  0.28739976690354890     
  0.32586846094224692     
  0.31512694721082696     
  0.29914435238074016     
  0.33207125749276417     
  0.32064899828088828     
  0.30376246605308099     
  0.29017675827243805     
  0.32360774914168572     
  0.31271244684445498     
  0.29690697143434230     
