 pos_NoFlash_du=0.1kbT.txt
         201
   0.0000000000000000     
   1.8154792231629344E-002
  -6.9921841916333397E-003
   2.7304384210050756E-002
   7.5764356469796582E-002
  0.15266149107478943     
  0.22669463377292326     
  0.33729637614854857     
  0.26692282599208816     
  0.29363206194393798     
  0.32680257138669067     
  0.40309747881185737     
  0.32689245823646096     
  0.33773925502973490     
  0.23338833637800327     
  0.23315878713448074     
  0.15788239969840928     
  0.12049926799479109     
  0.11513584699495975     
   7.0465576846947181E-002
  0.15951941109479681     
  0.15213987743655571     
  0.19377247865922853     
  0.18907415799490507     
  0.19099454222260775     
  0.22370375885061733     
  0.32021917633911390     
  0.41006974161537402     
  0.33847664241246617     
  0.39879445929828150     
  0.48152277183639680     
  0.46145176923898890     
  0.29380453667547296     
  0.31874374689963408     
  0.42291222149169516     
  0.23549087654464751     
  0.16403484991800676     
  0.23839969389887850     
  0.24475542281943516     
  0.27082863274757557     
  0.38497379740426851     
  0.31255200590334925     
  0.37505238997929652     
  0.47404405857492249     
  0.49655998984307137     
  0.53570661442953349     
  0.56456403912869468     
  0.53170982912227993     
  0.54535400291395386     
  0.49782974674541225     
  0.39566006285669880     
  0.45723201171979116     
  0.40451783589312396     
  0.46635027855510469     
  0.40384488243136546     
  0.36957577237102085     
  0.27670997141345255     
  0.30063138247240850     
  0.37462115660558704     
  0.42893842666803655     
  0.40830564808510145     
  0.48152103277238145     
  0.59919576225668003     
  0.63723252233706751     
  0.55133619200736972     
  0.43863751433240172     
  0.43675128732737806     
  0.52972784696073061     
  0.55135418326639019     
  0.64253328153069789     
  0.67185533216072457     
  0.76195753704279467     
  0.70526370229802104     
  0.72557094650645670     
  0.59025317526730470     
  0.62279830691134375     
  0.56114129291983550     
  0.54218125139452611     
  0.50369959994550495     
  0.45239266916409154     
  0.39019827872130747     
  0.42706717933095661     
  0.42580101769953438     
  0.35381120336704203     
  0.17877407214159843     
  0.17216803821179599     
  0.13507880124610130     
  0.17476352297304382     
  0.30343178212474992     
  0.31127757052235239     
  0.29856211642783576     
  0.41098261321741392     
  0.39869618735611428     
  0.38108667031345711     
  0.29669370030358566     
  0.21931647933543036     
  0.34291197355752456     
  0.43263492670150416     
  0.49028993957833145     
  0.44291067082144875     
  0.44639835339181244     
  0.42431805661684174     
  0.49975161438525439     
  0.54272343950027646     
  0.53437581405572876     
  0.37736437575886167     
  0.31282218426938579     
  0.47252779408580614     
  0.45583977718778446     
  0.52729430356827967     
  0.52068878198162183     
  0.46774727259859050     
  0.49022976854248845     
  0.57140808151364453     
  0.57031446704437583     
  0.53799583686170926     
  0.44555521769428780     
  0.27072735489243721     
  0.37087624094597837     
  0.36233844967704293     
  0.33391803380515545     
  0.22905589295694517     
  0.30824580366698423     
  0.20392792061136944     
  0.17397130782454689     
  0.17433486272179444     
  0.23435315880022373     
  0.24588189415086542     
  0.32354061400700890     
  0.15061280946196123     
  0.17963927907816041     
  0.39757932100904508     
  0.33731809318961242     
  0.25619366574724378     
  0.45352209178502667     
  0.45673104242311363     
  0.48903711945033962     
  0.42924007915027051     
  0.42253513324928471     
  0.20074316898787703     
  0.17805548337551041     
  0.32610567433150239     
  0.37713256291623970     
  0.48702813590271110     
  0.45364743021675746     
  0.48644405962759119     
  0.41596968772014037     
  0.46584444377223355     
  0.38120114939105798     
  0.41306642084569056     
  0.48614078316651299     
  0.46926210373891541     
  0.50833522992652280     
  0.53393367114818435     
  0.58043280477250181     
  0.60625140593487314     
  0.62026096992450275     
  0.66452506451931870     
  0.56687058068909213     
  0.49543555462154576     
  0.49449634696399969     
  0.50007919272944779     
  0.35516385443067411     
  0.28575109167702062     
  0.35250184109054578     
  0.33383344798148146     
  0.28153257385288888     
  0.30426019361567441     
  0.37945564236070956     
  0.41685354232342586     
  0.36016562613392838     
  0.34874808754478287     
  0.34064602734275967     
  0.24387732386514036     
  0.26204903039934824     
  0.32063321153542190     
  0.15686537060062744     
  0.32543051201169521     
   9.5401689644434268E-002
   6.1856098463710124E-002
   6.3299089100091271E-002
   5.8331652544007906E-002
   4.9016828677185383E-002
  0.14562414925131426     
   8.5418973843329304E-002
   1.2645537845964824E-002
   2.9444877763697089E-002
   9.7705243457255175E-002
   7.2877821739235460E-002
  -4.2133957790012250E-002
  0.10146735338106229     
  0.17400355290027564     
  0.26555962079545159     
  0.25560131199942765     
  0.43663032048458927     
  0.28151660224984809     
  0.24596109634586905     
  0.28634852347725975     
  0.32951974759587022     
  0.34269330383281876     
  0.37362695514397937     
